Alter 273, 676, 936, 1010, 1210, 1214, 1217
Angst 511, 572, 637, 741, 979
Bewusstsein 350, 452, 517, 723
Buch 74, 183, 318, 341, 472, 598, 823, 916, 1044, 1051, 1052, 1055, 1056, 1060, 1062, 1063, 1075, 1089, 1107, 1108, 1201
Fehler 47, 143, 492, 662, 693, 769, 1293, 1372
Frau 44, 133, 168, 169, 307, 308, 313, 316, 559, 688, 951, 994, 1197, 1220, 1222, 1229, 1233, 1241, 1381, 1407
Frieden 272, 375, 425, 615, 643, 785
Gedanke 3, 70, 265, 325, 345, 366, 371, 394, 428, 587, 591, 601, 611, 627, 636, 639, 715, 815, 919, 1078, 1086, 1192, 1278, 1298
Gefuhl 125, 236, 371, 400, 984
Gegenwart 405, 469, 1028, 1170, 1199
Geist 90, 154, 335, 336, 349, 359, 380, 445, 446, 610, 620, 630, 721, 809, 826, 884, 968, 1006, 1151, 1187, 1330
Gewissen 839, 869, 1342, 1357
Glaube 29, 59, 65, 108, 144, 313, 315, 349, 356, 438, 467, 572, 585, 586, 597, 604, 617, 618, 634, 636, 686, 693, 771, 781, 1169, 1224, 1254, 1257, 1351, 1373, 1401, 1408
Gluck 24, 142, 220, 262, 286, 305, 320, 328, 331, 334, 438, 439, 456, 694, 774, 781, 804, 945, 999, 1025, 1123, 1163, 1164, 1189, 1191, 1259, 1281, 1320, 1344
Gott 43, 77, 103, 110, 203, 384, 399, 510, 515, 549, 569, 576, 578, 579, 582, 790, 1052, 1122, 1211
Gute 41, 76, 95, 368, 467, 702, 714, 792, 988, 1132, 1348, 1351, 1364
Himmel 128, 140, 573, 574, 586, 1124, 1128
Idee 45, 77, 82, 100, 150, 266, 383, 426, 447, 592, 624, 635, 1027, 1092, 1093, 1277
Illusion 364, 628, 795, 1326
Jahre 293, 486, 586, 599, 690, 873, 922, 1063, 1071, 1166, 1216, 1218, 1261, 1327
Kopf 141, 352, 366, 377, 382, 402, 430, 443, 524, 625, 740, 878, 1048, 1073, 1130, 1131, 1200, 1252, 1273, 1325
Korper 347, 378, 412, 968, 1210, 1340, 1395
Leben 50, 142, 144, 150, 153, 154, 155, 190, 224, 238, 306, 329, 331, 333, 334, 336, 415, 425, 426, 431, 446, 456, 481, 491, 500, 502, 509, 514, 518, 534, 536, 636, 707, 713, 718, 743, 839, 855, 867, 899, 922, 955, 1137, 1139, 1149, 1171, 1211, 1215, 1216, 1267, 1284, 1285, 1336, 1338, 1383, 1384
Licht 648, 697, 709, 1002, 1032, 1180, 1362, 1371
Liebe 247, 389, 396, 457, 464, 474, 501, 520, 555, 698, 779, 851, 1003, 1123, 1126, 1129, 1134, 1141, 1142, 1145, 1177, 1287
Mann 133, 168, 169, 249, 307, 313, 316, 543, 559, 643, 981, 1220, 1221, 1223, 1229, 1231, 1232, 1240
Mensch 41, 52, 54, 58, 67, 121, 122, 123, 130, 131, 132, 133, 134, 136, 137, 139, 140, 141, 142, 144, 146, 149, 151, 152, 153, 154, 155, 156, 157, 158, 159, 160, 161, 162, 163, 164, 165, 166, 167, 169, 172, 173, 174, 179, 185, 187, 188, 197, 198, 199, 202, 203, 205, 206, 208, 209, 211, 212, 213, 214, 215, 216, 217, 219, 220, 222, 243, 256, 260, 296, 345, 416, 417, 467, 484, 485, 539, 567, 586, 597, 599, 630, 668, 673, 677, 715, 737, 761, 790, 819, 849, 895, 910, 911, 923, 927, 928, 941, 954, 956, 967, 969, 991, 996, 1012, 1019, 1104, 1112, 1193, 1209, 1221, 1226, 1239, 1251, 1252, 1261, 1265, 1280, 1337, 1338, 1343, 1351, 1395, 1399, 1404, 1405, 1410, 1413, 1421
Moral 1009, 1352, 1354, 1356, 1358, 1361, 1383
Realitat 59, 362, 376, 1042
Schicksal 163, 222, 408, 483, 905, 1337
Schonheit 736, 1198, 1229, 1294, 1305
Seele 453, 454, 550, 568, 574, 598, 708, 780, 919, 927, 967, 1340, 1395
Sinn 214, 226, 609, 747, 913, 1100, 1124
Spiegel 55, 374, 524, 598, 659, 670
Sprache 110, 114, 115, 225, 229, 270, 271, 642, 910, 1024, 1323
Stuss 34, 1012, 1134
Teufel 93, 198, 861, 1120, 1350
Tod 95, 208, 331, 412, 417, 421, 518, 572, 707, 713, 764, 773, 832, 975, 1010
Vergangenheit 471, 510, 806, 1013, 1172
Vernunft 192, 441, 443, 923, 989, 1174
Verstand 298, 369, 432, 468, 763, 1237
Wahrheit 324, 335, 462, 628, 694, 720, 758, 772, 929, 942, 986, 1025, 1027, 1119, 1138, 1267, 1271, 1292, 1318, 1325, 1355, 1364, 1366, 1367, 1368, 1369, 1370, 1371, 1374, 1380, 1403
Weisheit 354, 355, 356, 357, 479, 499, 501, 526, 569, 936, 982, 988, 1080
Welt 35, 120, 246, 289, 299, 313, 323, 352, 401, 417, 578, 619, 681, 684, 792, 796, 818, 865, 930, 931, 959, 987, 994, 1024, 1157, 1184, 1190, 1262, 1306
denken 113, 309, 311, 314, 325, 405, 489, 553, 594, 597, 599, 602, 609, 616, 633, 638, 732, 815, 819, 937, 939, 969, 1150, 1286, 1300, 1334
ewig 5, 58, 405, 406, 743, 1267
fake 18, 19, 29, 30, 35, 856, 1145, 1148
frei 110, 196, 334, 335, 363, 494, 528, 919, 944, 991, 1031, 1230, 1418
gerecht 51, 246, 797, 803, 996, 1313
lesen 54, 109, 366, 443, 711, 916, 1055, 1061, 1063
mussen 35, 68, 138, 147, 192, 219, 223, 272, 290, 318, 332, 346, 348, 351, 363, 378, 405, 442, 458, 477, 526, 569, 573, 595, 628, 647, 672, 676, 714, 720, 747, 766, 776, 829, 868, 882, 910, 986, 1049, 1061, 1105, 1132, 1146, 1148, 1162, 1198, 1200, 1207, 1217, 1220, 1266, 1274, 1278, 1295, 1329, 1331, 1335, 1351, 1352, 1359, 1370, 1375, 1409, 1418
sagen 12, 15, 31, 98, 117, 230, 269, 476, 643, 827, 888, 1119, 1136, 1138, 1267, 1325, 1328, 1367, 1375, 1403
schreiben 183, 228, 268, 295, 397, 400, 460, 816, 916, 1030, 1039, 1040, 1045, 1059, 1063, 1065, 1067, 1070, 1071, 1072, 1084, 1085, 1089, 1094, 1101, 1105, 1111, 1112, 1113, 1351
schweigen 2, 12, 238, 449, 516, 912
selbst 63, 70, 103, 115, 269, 272, 285, 294, 303, 326, 328, 341, 343, 351, 361, 406, 425, 450, 454, 470, 476, 504, 530, 548, 561, 580, 616, 643, 699, 717, 721, 722, 738, 750, 797, 918, 926, 947, 983, 992, 1040, 1043, 1079, 1110, 1125, 1171, 1173, 1250, 1296, 1297, 1303, 1312
sprechen 17, 100, 106, 398, 473, 788, 934, 938, 954, 997, 1290
verstehen 479, 686, 818, 955, 1037, 1099, 1102, 1194, 1207, 1316
wahr 18, 81, 725, 880, 902, 1254, 1277, 1375, 1376, 1377
weise 466, 502, 576, 595, 757, 970, 986, 1315, 1329
wollen 56, 140, 217, 238, 299, 304, 310, 317, 348, 354, 358, 359, 375, 538, 605, 707, 781, 784, 787, 811, 817, 944, 1061, 1065, 1248, 1259, 1267, 1343, 1406, 1417, 1418
wissen 29, 49, 52, 55, 134, 190, 230, 317, 337, 343, 354, 371, 411, 456, 512, 634, 635, 654, 760, 839, 869, 953, 962, 982, 1001, 1012, 1036, 1071, 1114, 1153, 1238, 1250, 1254, 1255, 1259, 1260, 1309, 1336, 1342, 1357, 1359, 1365, 1401, 1411, 1419
WissenN 73, 316, 372, 451, 455, 558, 719, 902, 966, 1107, 1257, 1260, 1352, 1379
Witz 141, 392, 563, 689, 779, 1147, 1149
Wort 3, 7, 93, 94, 104, 226, 228, 231, 234, 236, 237, 240, 242, 255, 265, 292, 427, 587, 934, 983, 1048, 1076, 1078, 1132, 1191, 1385, 1390
Zeit 275, 281, 324, 337, 405, 477, 489, 508, 542, 582, 667, 691, 786, 854, 907, 1192, 1334, 1375
Zukunft 459, 487, 510, 998, 1013, 1028, 1168, 1172, 1199, 1299, 1337
Zunge 4, 10, 239, 704, 1140, 1151, 1156
