anders 11, 24, 155, 276, 371, 373, 516, 1375, 1384, 1553, 2246, 2342
Anfang 49, 166, 171, 748, 814, 1007, 1271, 1795, 1871, 1987, 2146, 2180, 2229, 2248, 2321
Antwort 182, 424, 425, 620, 643, 689, 904, 946, 955, 956, 1061, 1304, 1431, 1626, 1927, 2037, 2061, 2082, 2127, 2140, 2141, 2312, 2523, 2536, 2586
Arbeit 53, 136, 178, 179, 181, 214, 230, 266, 514, 875, 918, 950, 1198, 1682, 1811, 1935, 1947, 2086, 2309
Augen 13, 253, 319, 485, 509, 644, 1073, 1119, 1127, 1189, 1246, 1448, 1874, 1876, 1885, 1984, 2425
besessen 117, 752, 753, 1494
besser 115, 128, 137, 222, 224, 277, 329, 348, 616, 728, 793, 813, 847, 920, 941, 979, 1129, 1169, 1172, 1209, 1389, 1434, 1483, 1547, 1575, 1674, 1708, 1741, 1829, 1930, 2079, 2126, 2177, 2203, 2345, 2420, 2533, 2603
Buch 104, 236, 630, 937, 1068, 1714, 1715, 1721, 1732, 1737, 1742, 1757, 1752, 1762, 1763, 1764, 1765, 1774, 1875, 2080, 2384, 2591
Bucher 915, 1524, 1706, 1710, 1711, 1712, 1713, 1716, 1718, 1719, 1722, 1724, 1727, 1743, 1744, 1745, 1746, 1748, 1776
Denken 188, 189, 207, 208, 260, 268, 299, 352, 378, 381, 382, 383, 384, 385, 386, 387, 388, 389, 390, 393, 394, 397, 406, 408, 409, 410, 412, 428, 441, 452, 455, 492, 663, 806, 881, 952, 1097, 1106, 1146, 1242, 1276, 1315, 1387, 1400, 1410, 1465, 1471, 1473, 1481, 1528, 1530, 1532, 1591, 1633, 1659, 1809, 1819, 1820, 1836, 1855, 1856, 1873, 1912, 2004, 2020, 2040, 2099, 2119, 2129, 2144, 2160, 2277, 2286, 2290, 2315, 2317, 2325, 2339, 2496, 2500, 2514, 2562, 2575
einfach 62, 366, 414, 471, 542, 615, 719, 773, 1188, 1294, 1373, 1619, 1627, 1777, 1929, 1997, 2084, 2247, 2271, 2414, 2450, 2486, 2557, 2590
Ende 37, 131, 172, 249, 549, 592, 631, 895, 932, 1018, 1257, 1445, 1472, 2412, 2428
essen 84, 568, 569, 968, 1117, 1301, 1318, 1319, 1370, 1401, 1778, 1867, 2282, 2390, 2401
Fehler 186, 696, 869, 1274, 1310, 1656, 2044, 2153, 2598
finden 64, 219, 225, 251, 284, 429, 442, 449, 632, 637, 732, 854, 1070, 1082, 1089, 1155, 1247, 1297, 1359, 1522, 1592, 1641, 1782, 1957, 2009, 2050, 2170, 2242, 2283, 2349, 2375, 2462
Frage 164, 345, 458, 739, 1142, 1677, 2031, 2063, 2064, 2074, 2089, 2121, 2328, 2354, 2361, 2494
fragen 91, 147, 996, 1459, 1477, 2190, 2274
fressen 1157, 1213
Gedanke 38, 98, 140, 191, 316, 379, 395, 396, 411, 726, 967, 1369, 1371, 1378, 1749, 1880, 1901, 2017, 2052, 2053, 2143, 2168, 2230, 2512, 2513, 2517, 2526, 2550, 2567, 2587
Geist 105, 439, 443, 700, 751, 912, 1059, 1355, 1426, 1467, 2054, 2183, 2359
Geld 174, 194, 349, 884, 1125, 1151, 1804, 2368
Geschichte 361, 1221, 1881, 1886, 1959, 2023, 2055, 2171, 2263, 2518
Gesicht 180, 522, 523, 948, 1116, 1394, 1416, 1425, 1453, 1518, 2003, 2035, 2543
Gewissen 202, 1084, 1179, 1228, 1229, 1236, 1238, 1244, 1253, 1256, 1601, 2487
glauben 132, 141, 199, 259, 351, 426, 446, 447, 938, 953, 977, 984, 991, 998, 1266, 1306, 1313, 1314, 1320, 1334, 1379, 1662, 1675, 1687, 1698, 1702, 1933, 2136, 2293, 2295, 2297, 2298, 2301, 2314, 2476, 2528, 2558, 2561, 2578, 2580, 2583
Gluck 8, 261, 262, 263, 639, 640, 721, 785, 862, 1015, 1033, 1037, 1046, 1064, 1071, 1114, 1163, 1173, 1285, 1295, 1390, 1628, 1824, 1882, 1913, 2173, 2227, 2393
glucklich 196, 331, 1419, 1496, 1839, 2181, 2244, 2460
Gott 635, 638, 697, 910, 940, 1035, 1038, 1094, 1107, 1115, 1152, 1235, 1326, 1385, 1566, 1579, 1669, 1671, 1676, 1678, 1679, 1680, 1681, 1685, 1688, 1689, 1696, 1704, 1785, 1920, 2234
Hoffnung 77, 89, 169, 363, 706, 762, 780, 1013, 1026, 1030, 1078, 1110, 1350, 2162, 2534
Idee 97, 326, 434, 444, 861, 1388, 1515, 1739, 1889, 2051, 2214, 2310, 2495, 2505, 2529, 2530
klar 67, 109, 564, 611, 1258, 1636, 1644, 1791, 2048, 2522
konnen 17, 21, 34, 46, 52, 54, 100, 103, 110, 111, 144, 148, 152, 153, 170, 185, 192, 193, 201, 234, 241, 246, 255, 264, 267, 289, 291, 305, 312, 313, 328, 330, 335, 357, 368, 422, 438, 469, 479, 533, 551, 559, 561, 563, 577, 629, 648, 651, 660, 704, 715, 729, 743, 761, 776, 783, 842, 844, 848, 868, 887, 889, 907, 925, 943, 944, 947, 970, 976, 978, 988, 1002, 1011, 1020, 1023, 1069, 1080, 1081, 1095, 1108, 1112, 1131, 1135, 1148, 1330, 1343, 1344, 1351, 1352, 1360, 1361, 1376, 1408, 1415, 1455, 1464, 1493, 1520, 1526, 1541, 1542, 1581, 1611, 1629, 1649, 1695, 1717, 1720, 1723, 1747, 1792, 1793, 1826, 1833, 1840, 1916, 1924, 1936, 1948, 1990, 2041, 2066, 2113, 2114, 2122, 2123, 2145, 2147, 2149, 2156, 2164, 2165, 2188, 2211, 2213, 2218, 2221, 2231, 2302, 2318, 2319, 2324, 2341, 2356, 2367, 2385, 2397, 2400, 2422, 2423, 2424, 2432, 2439, 2440, 2446, 2452, 2454, 2463, 2473, 2480, 2483, 2492, 2515, 2581, 2584, 2596, 2613
Kopf 129, 229, 318, 403, 440, 527, 553, 686, 1126, 1215, 1337, 1456, 1605, 1890, 1896, 2006, 2131, 2303, 2311, 2411, 2436
Korper 133, 1003, 1239, 1818, 2085, 2285, 2336, 2593
kurz 197, 240, 248, 421, 503, 578, 679, 913, 1740, 1753, 2018, 2019, 2152, 2506, 2597
lachen 162, 243, 342, 567, 1123, 1124, 1655, 1827, 1904, 2038, 2258
Leben 32, 47, 60, 96, 150, 270, 272, 292, 314, 369, 506, 589, 658, 672, 681, 712, 716, 744, 815, 833, 834, 841, 857, 860, 896, 957, 995, 1017, 1019, 1021, 1022, 1031, 1042, 1043, 1044, 1045, 1047, 1049, 1050, 1060, 1065, 1074, 1075, 1079, 1093, 1102, 1113, 1144, 1162, 1174, 1183, 1208, 1277, 1281, 1366, 1476, 1509, 1510, 1525, 1561, 1582, 1597, 1606, 1617, 1630, 1632, 1639, 1652, 1653, 1690, 1701, 1760, 1786, 1828, 1853, 1854, 1862, 1883, 1938, 1958, 1978, 2007, 2010, 2081, 2157, 2158, 2196, 2209, 2225, 2251, 2269, 2289, 2369, 2507, 2602
lernen 90, 175, 274, 377, 399, 608, 1014, 1270, 1303, 1420, 1709, 1843, 1994, 2186, 2201, 2226, 2612
Leute 250, 290, 294, 797, 975, 1088, 1161, 1240, 1340, 1421, 1798, 1803, 2184, 2219
Liebe 33, 44, 63, 73, 295, 296, 297, 298, 591, 808, 1048, 1098, 1181, 1194, 1207, 1305, 1322, 1383, 1417, 1543, 1637, 1817, 1821, 1897, 2255, 2260, 2413, 2415, 2471
lieber 31, 75, 205, 376, 493, 560, 1261, 1273, 1450, 1634, 2166, 2426, 2442
Lust 135, 340, 855, 856, 1537, 1544, 1564, 1565, 1576, 1823, 1857, 2058, 2195
Mann 453, 456, 459, 460, 476, 477, 478, 483, 495, 517, 1056, 1790, 2399
Mensch 9, 29, 85, 114, 217, 247, 327, 339, 356, 360, 375, 482, 624, 722, 770, 939, 949, 1096, 1105, 1109, 1111, 1118, 1120, 1122, 1130, 1132, 1143, 1147, 1153, 1154, 1158, 1167, 1171, 1175, 1176, 1177, 1180, 1182, 1184, 1186, 1187, 1190, 1191, 1193, 1216, 1233, 1237, 1470, 1499, 1578, 1845, 1878, 1909, 1966, 2137, 2373, 2377, 2441, 2566, 2571, 2608, 2611, 2615
Morgen 121, 216, 1133, 1380, 1665, 1813, 1837, 1944, 2067, 2200
mussen 10, 14, 35, 42, 113, 226, 281, 321, 362, 427, 431, 490, 548, 570, 607, 613, 867, 916, 927, 945, 963, 983, 985, 1032, 1168, 1219, 1262, 1268, 1311, 1427, 1443, 1458, 1497, 1635, 1647, 1731, 1770, 1968, 1976, 1992, 2015, 2108, 2133, 2154, 2155, 2206, 2220, 2338, 2453, 2491, 2509, 2516
sagen 496, 573, 585, 617, 791, 873, 922, 958, 959, 961, 965, 972, 989, 993, 1062, 1223, 1282, 1287, 1299, 1335, 1454, 1771, 1852, 1910, 1918, 1975, 2012, 2014, 2042, 2078, 2103, 2116, 2193, 2284, 2343, 2485, 2520, 2570, 2572, 2576
schreiben 417, 612, 662, 710, 1683, 1725, 1728, 1729, 1738, 1754, 1759, 1772, 1775, 2110, 2431, 2448
schweigen 497, 990, 2093, 2128
Seele 273, 1437, 1495, 1517, 1523, 1548, 1557, 1558, 1610, 1693, 1697
selbst 12, 157, 317, 402, 416, 436, 468, 603, 625, 688, 691, 757, 764, 800, 810, 817, 846, 865, 888, 890, 969, 1024, 1029, 1137, 1138, 1254, 1255, 1284, 1345, 1392, 1407, 1432, 1519, 1638, 1664, 1694, 1699, 1902, 1946, 2002, 2005, 2096, 2366, 2406, 2469, 2508
Sinn 213, 367, 659, 960, 1227, 1660, 1779, 2022, 2036, 2531, 2547
Spiegel 370, 633, 634, 652, 1185, 1234, 2169, 2253
Sprache 909, 1211, 1260, 2013, 2039, 2049, 2124, 2564
sprechen 151, 220, 508, 702, 703, 962, 964, 994, 999, 2163, 2370
sterben 1010, 1121, 2189, 2304
Teufel 930, 1278, 1307, 1673, 1703
Tod 1076, 1165, 1275, 2548
Traum 606, 670, 804, 1594, 1595, 1604, 1877, 2161, 2264
Vergangenheit 125, 346, 647, 675, 1895, 2299, 2511, 2554, 2560
vergessen 282, 283, 1085, 1086, 1090, 1357, 2288
Verstand 143, 206, 285, 407, 1917
verstehen 364, 665, 879, 929, 954, 1317, 1705, 2021, 2045, 2059, 2091, 2097, 2134, 2135, 2268, 2535
wahr 221, 300, 437, 768, 802, 877, 897, 1150, 1598, 1849, 1979, 2001, 2348, 2465, 2490, 2579
Wahrheit 448, 622, 656, 997, 1363, 1486, 1859, 1892, 2076, 2202, 2224, 2294, 2378, 2379, 2459, 2461, 2464, 2466, 2468, 2470, 2472, 2474, 2477, 2478, 2479, 2481, 2484, 2497, 2503, 2524, 2542, 2599, 2600, 2601
Wasser 45, 344
Welt 124, 204, 347, 354, 355, 358, 365, 374, 419, 420, 435, 505, 668, 828, 1202, 1267, 1440, 1444, 1463, 1469, 1614, 1851, 1870, 1937, 1982, 2027, 2172, 2467, 2510, 2544
wirklich 68, 72, 451, 669, 741, 774, 782, 1466, 1500, 2326, 2502, 2588
Wissen 160, 315, 725, 731, 942, 1338, 1374, 1487, 1730, 1872, 1900, 2109, 2167, 2187, 2296, 2306, 2307, 2316, 2334, 2482, 2527, 2537, 2556, 2568, 2609
wollen 474, 541, 543, 883, 1055, 1057, 1058, 1067, 1252, 1341, 1406, 1446, 1864, 1898, 1934, 2204
Wort 934, 1243, 1844, 2090, 2101, 2102, 2106, 2111, 2148
Wunder 256, 333, 1066, 1264, 1358, 1588, 2245, 2257, 2337
Zeit 25, 43, 107, 183, 252, 323, 337, 430, 498, 623, 627, 899, 905, 1005, 1051, 1201, 1354, 1603, 1784, 1848, 1868, 1879, 1908, 1926, 1991, 2256, 2546
Ziel 118, 445, 609, 787, 1040, 1288, 1397, 2222, 2427
Zukunft 350, 372, 432, 626, 1869, 2300, 